0:0,2,5,6,9,12,15,16,19,20,22,24,25,27,29,30,31,32,33,35,36,37,38,40,42,43,44,46,47,50,51,52,53,54,56,57,60,66,67,70,74,75,81,84,90
1:5,7,9,10,13,15,17,22,23,24,25,26,27,28,29,30,31,32,33,35,36,37,38,39,41,42,43,44,45,47,48,50,51,53,54,57,59,60,63,66,69,76,81
2:3,5,7,9,10,13,17,23,24,25,26,27,28,29,31,32,33,34,35,36,37,38,39,41,43,44,45,47,48,50,51,53,54,55,57,59,63,66,69,73,76,86
3:0,2,3,4,5,8,12,14,18,19,20,21,22,24,25,26,28,29,30,31,32,33,34,35,36,37,39,40,41,42,43,44,46,49,50,51,52,53,54,55,56,58,67,68,70,77,88
4:0,2,3,5,6,9,12,16,19,20,22,24,25,26,27,28,29,30,31,32,33,34,35,36,37,38,40,41,42,43,44,46,47,50,51,53,54,55,56,57,63,66,67,70,75
5:3,9,19,20,21,23,24,25,26,27,28,29,30,31,32,33,34,35,36,37,38,39,40,41,43,44,45,46,47,48,49,50,51,54,55,56,57,62,63,73
6:0,2,3,4,5,8,12,14,18,19,20,21,22,24,25,26,27,28,29,30,31,32,33,34,35,36,37,39,40,42,43,44,46,49,50,51,52,53,54,55,56,58,67,68,70,74,77
7:0,2,6,9,15,16,19,20,22,24,25,26,27,28,29,30,31,32,35,36,37,38,40,41,42,43,44,46,47,48,51,52,54,56,57,60,62,64,66,70,75,81,82
8:3,4,8,12,14,18,19,20,21,22,23,24,25,26,28,29,30,31,32,34,35,36,37,39,40,42,43,45,46,49,50,51,52,54,55,56,58,62,67,68,71,74,77,82,88
9:3,14,17,20,21,22,23,24,25,26,27,28,29,30,31,32,34,35,36,37,38,39,40,41,42,43,44,45,46,47,48,49,50,51,54,55,58,59,62,63,82
10:1,3,4,8,11,12,14,18,19,20,21,22,23,24,25,26,27,28,29,30,31,32,33,34,36,37,39,40,42,44,45,46,49,51,52,54,55,56,58,62,64,67,68,72,74,77,79
11:1,4,5,8,11,14,15,18,19,20,21,22,23,24,25,26,27,28,30,31,32,33,34,36,38,39,40,41,42,44,45,46,48,49,52,53,54,56,58,60,64,65,68,72,78,79,85
12:3,5,7,9,10,13,17,21,22,23,24,25,26,27,28,29,31,32,33,34,35,36,37,38,39,41,42,43,44,45,47,48,49,51,52,53,54,55,57,59,64,69,76,86
13:4,8,14,15,17,18,20,21,23,24,26,28,29,30,31,32,33,34,35,36,37,39,40,41,43,44,45,46,48,49,50,51,54,58,59,60,62,63,68,73,77,88,89
14:0,2,3,5,9,19,20,24,25,26,27,28,29,30,31,32,33,34,35,36,37,38,39,40,41,43,44,46,47,48,50,51,53,55,56,57,61,63,66,70,73
15:0,2,6,9,15,16,19,20,24,25,26,27,28,29,30,31,32,35,36,37,38,40,41,43,44,46,47,48,50,51,54,56,57,60,62,63,66,70,73,75,81,82
16:3,5,6,9,12,16,19,20,22,23,24,25,27,29,30,32,34,35,36,37,38,40,42,43,44,45,46,47,50,51,53,54,55,56,57,63,66,67,74,75,82,84,87,90
17:3,4,8,12,14,18,19,20,21,22,23,24,25,26,27,28,29,30,32,33,35,38,39,40,42,43,45,46,49,52,54,55,56,58,62,64,65,67,68,71,74,78,80,81,87
18:0,2,3,5,6,9,12,16,19,20,22,24,25,26,27,29,30,31,32,33,34,35,36,37,38,40,42,43,44,46,47,50,51,52,53,54,55,56,57,66,67,70,74,75,84
19:0,2,3,5,14,17,20,21,22,24,25,26,27,28,29,30,31,32,33,34,35,36,37,38,39,40,41,42,43,44,46,47,48,49,50,51,53,54,55,58,59,63,70
20:0,2,5,6,9,12,15,16,19,20,24,27,29,30,32,34,35,36,37,38,40,43,44,46,47,50,51,53,54,56,57,60,63,66,67,70,73,74,75,82,84,87,89,90
21:5,9,12,15,19,20,21,22,23,24,25,26,27,28,29,30,32,33,34,35,36,37,38,39,40,42,43,44,45,46,47,49,50,53,54,56,57,60,63,65,67,74,87
22:7,9,15,17,21,23,24,26,27,28,29,30,31,32,34,35,36,38,39,40,41,43,45,47,48,49,50,54,57,59,60,62,63,65,69,71,73,78,82,89
23:1,3,7,9,10,13,17,21,22,23,24,25,27,28,29,31,32,33,34,35,36,37,38,39,41,42,45,47,48,49,51,52,54,55,57,59,62,64,69,71,72,76,86,90
24:6,7,9,10,13,15,16,17,22,23,24,25,26,27,28,29,31,32,33,35,36,37,38,41,42,43,44,45,47,48,51,52,54,57,59,60,62,64,66,69,75,76,81,86
25:5,7,10,13,14,15,17,21,22,23,24,25,26,27,28,29,30,31,32,34,35,36,37,38,39,41,42,43,44,45,47,48,49,50,52,53,54,58,59,60,65,69,76,82
26:1,4,8,11,14,15,18,19,20,21,22,23,24,25,26,27,28,29,30,31,32,34,36,37,38,39,40,41,42,44,45,46,48,49,52,54,56,58,60,62,64,65,68,72,79,82
27:3,5,9,17,20,21,23,24,25,27,28,29,30,31,32,34,35,36,38,39,40,41,43,44,45,46,47,48,49,50,53,54,55,57,59,63,65,73,78,82,90
28:0,2,6,9,12,15,16,19,20,24,27,28,29,30,32,33,34,35,36,37,38,40,43,44,46,47,50,51,54,56,57,60,62,63,66,67,70,73,74,75,87,89,90
29:3,4,5,8,12,14,18,19,20,21,22,23,24,25,26,27,28,29,30,31,32,33,34,35,36,37,38,39,40,41,42,43,44,45,46,49,50,51,53,54,55,56,58,63,67,68
30:3,5,6,9,16,19,20,23,24,26,27,28,29,30,31,32,33,34,35,36,37,38,40,41,43,45,46,47,48,50,51,53,54,55,56,57,63,66,71,73,75,89
31:3,4,5,8,12,14,18,19,20,21,22,23,24,25,26,27,28,29,30,32,33,34,35,39,40,42,43,44,45,46,49,52,53,54,55,56,58,64,65,67,68,74,77,78,80,87
32:1,11,12,14,15,19,20,21,22,23,24,25,27,28,29,30,32,33,38,39,40,42,45,46,47,49,52,54,56,58,60,62,64,65,67,71,72,74,78,79,80,81,87,90
33:0,2,5,6,9,15,16,17,20,22,24,25,26,27,29,30,31,32,33,34,35,36,37,38,40,41,42,43,44,46,47,48,50,51,52,53,54,57,59,60,66,70,75,84
34:3,7,9,10,13,17,21,23,24,26,27,28,31,32,33,34,35,37,38,39,41,43,45,47,48,49,50,55,57,59,61,62,63,65,69,71,73,76,80,85,86,89
35:0,2,5,7,9,10,13,15,17,21,24,25,26,27,28,29,30,31,32,34,35,36,37,38,39,41,43,44,47,48,49,50,51,53,54,57,59,60,63,69,70,73,76,82
36:0,2,3,4,5,8,12,14,18,19,20,21,22,24,25,26,27,28,29,30,31,32,33,34,35,36,37,38,39,40,41,42,43,44,46,49,50,51,52,53,54,55,56,58,67,68,70
37:5,6,7,9,10,13,15,16,17,23,24,25,26,27,29,31,32,33,34,35,36,37,38,41,43,44,45,47,48,50,51,53,54,57,59,60,63,66,69,73,75,76,84,86
38:3,4,5,8,12,14,18,19,20,21,23,24,25,26,27,28,29,30,31,32,33,34,35,36,37,39,40,43,44,45,46,49,50,53,54,55,56,58,63,65,67,68,73,74,77
39:0,2,4,8,14,15,18,19,20,21,24,26,27,28,29,30,31,32,33,34,35,36,37,38,39,40,41,43,46,48,49,50,51,54,56,58,60,62,63,68,70,71,73,89
40:1,3,4,8,12,14,18,19,20,21,22,23,24,25,28,29,30,31,32,33,34,35,36,37,39,40,42,44,45,46,49,52,54,55,56,58,62,64,65,67,68,72,74,77,88,90
41:0,2,5,9,12,15,19,20,22,24,25,26,27,28,29,30,31,32,33,34,35,37,38,39,40,41,42,43,44,46,47,50,51,53,54,56,57,60,63,66,67,70,80
42:3,5,14,19,20,21,23,24,25,26,27,28,29,30,31,32,34,35,36,38,39,40,41,43,45,46,47,48,49,50,53,54,55,56,58,63,65,71,73,78,82
43:0,2,5,14,15,19,20,21,22,24,25,26,27,28,29,30,31,32,33,34,35,36,37,38,39,40,41,42,43,44,46,47,48,49,50,51,53,54,56,58,60,63,70
44:0,2,3,5,6,9,16,19,20,22,24,25,26,27,29,30,31,32,33,34,35,36,37,38,40,41,42,43,44,46,47,48,50,51,52,53,54,55,56,57,66,70,75,84
45:0,2,3,4,5,8,14,17,18,20,21,24,26,27,28,29,30,31,32,33,34,35,36,37,39,40,41,43,44,46,48,49,50,51,53,54,55,58,59,63,68,70,73,77,89
46:3,6,9,16,17,20,22,23,24,25,26,27,28,29,30,31,32,34,35,37,38,40,41,42,43,44,45,46,47,48,51,52,54,55,57,59,62,64,66,75,80,82
47:3,4,5,8,12,14,18,19,20,21,23,24,25,26,27,28,29,30,31,32,33,34,35,36,37,38,39,40,43,44,45,46,49,50,51,53,54,55,56,58,63,67,68,73,74
48:5,14,15,19,20,21,22,23,24,25,26,27,28,29,30,31,32,33,34,35,36,38,39,40,41,42,43,44,45,46,47,48,49,50,53,54,56,58,60,63,65,78
49:0,2,3,5,9,12,19,20,24,25,26,27,28,29,30,31,32,34,35,36,37,38,39,40,43,44,46,47,50,51,53,54,55,56,57,63,66,67,70,73,74,82
50:3,7,9,10,13,17,22,23,24,25,26,27,28,29,31,32,35,36,37,38,39,41,42,43,44,45,47,48,50,52,54,55,57,59,62,65,66,69,76,81,82,86
51:4,5,7,8,14,15,17,18,21,22,23,24,25,27,28,29,30,31,32,33,34,35,37,38,39,40,41,42,43,44,45,48,49,50,52,53,54,58,59,60,65,68,69,80,90
52:0,2,3,5,14,19,20,21,24,25,26,27,28,29,30,31,32,33,34,35,36,37,38,39,40,41,43,44,46,47,48,49,50,51,53,54,55,56,58,63,70,73
53:0,2,3,5,12,14,19,20,21,24,25,26,27,28,29,30,31,32,33,34,35,36,37,38,39,40,43,44,46,47,49,50,51,53,54,55,56,58,63,67,70,73,74
54:1,3,5,9,11,12,19,20,21,22,23,25,26,27,28,29,30,31,33,34,36,38,39,40,42,45,46,47,49,52,53,54,55,56,57,64,65,67,71,72,74,78,79,83,91
55:0,2,9,12,15,19,20,24,25,26,27,28,29,30,31,32,33,35,37,38,39,40,41,43,44,46,47,50,51,54,56,57,60,62,63,66,67,70,73,80,81
56:3,5,7,9,17,22,23,24,25,26,27,28,29,30,31,32,33,34,35,36,37,38,39,40,41,42,43,44,45,47,48,50,53,54,55,57,59,63,65,66,69
57:0,2,3,5,9,12,19,20,22,24,25,26,27,28,29,30,32,33,34,35,36,37,38,39,40,42,43,44,46,47,50,51,53,54,55,56,57,63,66,67,70,74,87
58:0,2,5,7,9,10,13,15,17,24,25,26,27,28,29,31,32,33,34,35,36,37,38,39,41,43,44,47,48,50,51,53,54,57,59,60,63,66,69,70,73,76,86
59:1,3,5,7,9,10,11,13,17,21,22,23,25,26,27,28,31,32,33,34,36,38,39,41,42,45,47,48,49,52,53,54,55,57,59,64,65,69,71,72,76,78,79,85,86,91
60:3,5,6,9,16,19,20,22,23,24,25,26,27,29,30,31,32,33,34,35,36,37,38,40,41,42,43,44,45,46,47,48,50,51,52,53,54,55,56,57,66,75,84
61:1,5,14,15,17,20,21,22,23,24,25,26,27,28,29,30,31,32,33,34,35,36,37,38,39,40,41,42,44,45,46,47,48,49,52,53,54,58,59,60,64,65,72
62:0,2,3,5,9,12,19,20,22,24,25,26,27,28,29,30,32,33,34,35,36,37,38,39,40,42,43,44,46,47,50,51,53,54,55,56,57,63,66,67,70,74,87
63:1,4,8,11,12,14,15,18,19,20,21,22,23,24,25,26,28,29,30,31,32,33,36,37,39,40,41,42,45,46,49,52,54,56,58,60,62,64,65,67,68,71,72,77,79,81,88
64:9,12,15,19,20,22,23,24,25,26,27,28,29,30,31,32,33,34,35,36,38,39,40,41,42,43,44,45,46,47,50,52,54,56,57,60,62,65,66,67,78
65:0,1,2,3,4,5,7,8,10,13,14,17,18,21,22,24,25,26,27,28,29,30,31,32,33,34,35,36,37,38,39,41,42,44,48,49,51,52,53,54,55,58,59,64,68,69,70,72,76
66:5,9,12,15,19,20,22,23,24,25,26,27,28,29,30,31,32,34,35,36,37,38,39,40,42,43,44,45,46,47,50,52,53,54,56,57,60,65,66,67,74,82
67:1,3,4,7,8,10,11,13,14,17,18,21,22,23,24,25,26,28,29,31,32,33,37,39,41,42,45,48,49,51,52,54,55,58,59,62,64,68,69,71,72,76,77,79,80,81,86,88
68:0,2,6,9,12,15,16,19,20,24,27,28,29,30,31,32,34,35,36,37,38,40,41,43,44,46,47,50,51,54,56,57,60,62,63,66,67,70,73,75,82,89,90
69:9,12,15,19,20,21,22,23,24,25,26,27,28,29,30,31,32,33,35,36,37,38,39,40,41,42,43,45,46,47,49,50,51,52,54,56,57,60,62,67,71,81
70:0,2,3,5,6,9,12,16,19,20,24,25,26,27,28,29,30,31,32,33,34,35,36,37,38,40,43,44,46,47,50,51,53,54,55,56,57,63,66,67,70,73,74,75
71:3,5,6,9,12,16,19,20,22,23,24,25,26,27,29,30,32,33,34,35,36,38,40,42,43,44,45,46,47,50,53,54,55,56,57,63,65,66,67,74,75,78,84,87
72:0,2,3,4,5,8,12,14,18,19,20,21,24,25,26,28,29,30,31,32,33,34,35,36,37,39,40,41,43,44,46,49,50,51,53,54,55,56,58,63,67,68,70,73,77,88
73:0,2,5,6,9,12,15,16,19,20,24,25,26,27,28,29,30,31,32,33,34,35,36,37,38,40,43,44,46,47,50,51,53,54,56,57,60,63,66,67,70,73,74,75
74:3,4,7,8,10,13,14,17,18,21,22,23,24,25,27,28,29,31,32,33,34,35,36,37,39,41,42,43,45,48,49,52,54,55,58,59,62,64,65,68,69,71,76,77,86,90
75:1,4,8,12,14,15,18,19,20,21,22,23,24,25,26,27,28,29,30,31,32,33,34,35,36,39,40,42,44,45,46,49,52,54,56,58,60,62,64,65,67,68,72,74,77,78
76:5,9,15,17,20,21,22,23,24,25,26,27,28,29,30,31,33,34,35,37,38,39,40,41,42,43,44,45,46,47,48,49,50,53,57,59,60,61,63,65,80,83
77:1,3,11,12,14,19,20,21,22,23,24,25,26,27,28,30,31,33,34,36,38,39,40,42,45,46,47,49,52,55,56,58,61,62,64,65,67,71,72,74,78,79,83,85
78:6,9,15,16,19,20,22,23,24,25,26,27,30,31,33,34,35,36,38,40,41,42,43,45,46,47,48,52,56,57,60,61,62,64,65,66,71,75,78,83,84,85
79:6,9,15,16,19,20,23,24,26,27,29,30,31,32,33,35,36,38,40,41,43,44,45,46,47,48,50,56,57,60,61,62,63,65,66,73,75,78,81,84,89
80:4,7,8,10,13,14,15,17,18,21,22,23,24,25,27,28,29,30,31,32,33,35,37,39,41,42,43,45,48,49,50,51,58,59,60,61,62,63,68,69,71,76,77,80,81,90
81:1,5,9,11,15,17,20,21,22,23,25,26,27,28,29,30,31,33,34,38,39,40,41,42,45,46,47,48,49,52,53,57,59,60,61,64,65,71,72,78,79,80,83,91
82:0,1,2,5,7,10,13,14,15,17,21,22,24,25,26,27,28,29,30,31,32,33,34,35,36,37,38,39,41,42,44,47,48,49,51,52,53,58,59,60,61,64,69,70,72,76
83:1,4,7,8,10,13,14,15,17,18,21,22,23,24,25,26,27,28,29,31,32,33,34,35,37,39,41,42,45,48,49,52,58,59,60,61,62,64,65,68,69,71,72,76,77,80,86
84:14,15,17,20,21,23,24,26,27,28,29,30,31,32,35,36,38,39,40,41,43,44,45,46,47,48,49,50,58,59,60,61,62,63,65,73,78,81,82,89
85:4,8,12,14,15,18,19,20,21,22,23,24,25,26,27,28,29,30,31,32,33,34,35,36,37,39,40,42,43,45,46,49,50,56,58,60,61,62,63,65,67,68,71,74,77
86:1,11,14,15,17,20,21,22,23,25,26,27,28,29,30,31,32,33,36,37,38,39,40,41,42,45,46,47,48,49,52,58,59,60,61,62,64,65,71,72,79,81,91
87:0,1,2,3,5,6,7,9,11,16,17,22,24,25,26,27,29,30,31,33,34,36,37,38,40,41,42,47,48,51,52,53,55,57,59,61,64,66,69,70,71,72,75,79,83,84
88:1,4,7,8,11,14,15,17,18,21,22,23,25,26,27,28,30,31,33,34,36,37,39,40,41,42,45,48,49,52,58,59,60,61,62,64,65,68,69,71,72,77,79,83,85,91
89:0,2,3,5,6,9,12,16,19,20,24,25,26,27,28,29,30,32,33,34,35,36,37,38,40,43,44,46,47,50,51,53,55,56,57,61,63,66,67,70,73,74,75,87
90:1,4,8,11,12,14,15,18,19,20,21,22,23,24,25,26,28,29,30,32,33,34,36,37,39,40,42,44,45,46,49,51,52,56,58,60,61,62,64,67,68,72,74,77,79,87,88
91:1,4,7,8,10,11,13,14,15,17,18,21,22,23,25,26,28,29,30,31,33,34,39,41,42,45,48,49,52,58,59,60,61,62,64,65,68,69,71,72,76,77,78,79,80,83,88,91
92:1,3,6,7,9,16,17,22,23,24,25,26,27,30,31,33,34,35,36,37,38,40,41,42,44,45,47,48,52,55,57,59,61,62,64,65,66,69,72,75,83,84,85
93:0,2,3,5,9,12,19,20,24,26,27,28,29,30,32,33,34,35,36,37,38,39,40,43,44,46,47,50,51,53,55,56,57,61,63,66,67,70,73,74,87,89
94:1,4,5,7,8,11,14,15,17,18,21,22,23,24,25,26,28,29,30,31,32,33,34,36,39,40,41,42,44,45,48,49,52,53,58,59,60,61,64,65,68,69,72,77,78,79,88
95:0,2,4,7,8,10,13,14,15,17,18,21,22,24,25,26,28,29,30,31,32,35,36,37,39,41,42,43,44,48,49,50,51,52,58,59,60,61,62,68,69,70,76,77,81,82,88
96:4,5,8,12,14,15,18,19,20,21,23,24,25,26,27,28,30,31,32,33,34,35,36,37,38,39,40,41,43,44,45,46,49,50,53,56,58,60,61,63,65,67,68,73,85
97:0,2,3,6,9,12,16,19,20,24,25,26,27,28,29,30,32,33,34,35,37,38,40,43,44,46,47,50,51,55,56,57,61,62,63,66,67,70,73,74,75,80,87
98:5,14,15,17,20,21,23,24,26,27,28,29,30,31,32,34,35,36,37,38,39,40,41,43,45,46,47,48,49,50,53,58,59,60,61,63,65,71,73,82,89
99:5,6,7,9,10,13,15,16,17,22,23,24,25,26,27,28,29,30,31,32,33,34,35,36,37,38,41,42,43,44,45,47,48,50,51,52,53,57,59,60,61,66,69,75,76
100:7,14,15,17,21,22,23,24,25,26,27,28,29,30,31,32,33,34,35,37,38,39,40,41,42,43,44,45,47,48,49,51,52,54,58,59,60,62,64,69,80
101:0,2,4,5,8,12,14,15,18,19,20,21,22,24,25,26,27,28,29,30,31,32,33,34,35,36,37,38,39,40,41,42,43,44,46,49,51,52,53,56,58,60,61,64,67,68,70
102:1,3,4,5,7,8,10,11,13,14,17,18,21,22,23,25,27,28,29,31,32,33,34,36,37,39,41,42,44,45,48,49,51,52,53,55,58,59,61,64,68,69,72,76,77,79,86,90,91
103:5,9,12,15,19,20,22,23,24,25,26,27,28,29,30,32,33,34,35,36,37,38,39,40,42,43,44,45,46,47,50,51,52,53,56,57,60,61,66,67,74,87
104:0,2,3,4,5,7,8,10,13,14,17,18,21,22,24,25,26,27,28,29,30,31,32,33,34,35,36,37,38,39,41,42,43,44,48,49,50,51,52,53,55,58,59,61,68,69,70,76
105:1,3,6,7,9,10,11,13,16,17,22,23,25,26,27,28,29,30,31,32,33,36,37,38,41,42,44,45,47,48,51,52,55,57,59,61,62,64,66,69,72,75,76,79,81,91
106:1,4,7,8,10,11,13,14,15,17,18,21,22,23,25,26,27,28,29,31,32,33,36,39,41,42,45,48,49,52,58,59,60,61,62,64,65,68,69,71,72,76,77,78,79,81,86,91
107:4,5,8,12,14,15,18,19,20,21,22,23,24,25,26,27,28,30,32,33,34,35,36,39,40,42,43,45,46,49,50,52,53,56,58,60,61,65,67,68,71,74,77,78,85,87
108:0,1,2,3,5,9,17,20,22,24,25,26,27,28,29,30,31,32,33,34,35,37,38,39,40,41,42,44,46,47,48,51,52,53,55,57,59,61,64,66,70,72,80
109:4,5,8,14,15,18,19,20,21,22,23,24,25,26,28,29,30,31,32,33,34,35,36,37,39,40,41,42,43,45,46,48,49,50,51,53,56,58,60,61,63,68,71,77,88
110:0,2,3,4,7,8,10,13,14,17,18,21,22,24,25,26,27,28,29,30,31,32,33,34,35,37,38,39,41,42,43,48,49,50,51,52,55,58,59,61,62,68,69,70,71,76,80
111:3,6,9,12,16,19,20,23,24,25,27,28,29,30,31,32,33,35,36,38,40,41,43,45,46,47,50,55,56,57,61,62,63,65,66,67,71,73,75,78,81,90
112:1,3,4,7,8,10,11,13,14,17,18,21,22,23,24,25,26,27,28,30,31,33,34,37,38,39,41,42,44,45,48,49,51,52,55,58,59,61,62,64,68,69,72,76,79,80,83,85
113:4,5,7,8,10,13,14,15,17,18,21,22,23,24,25,26,27,28,30,31,32,33,34,35,36,37,38,39,41,42,43,44,45,48,49,52,53,58,59,60,61,64,65,68,69,76,85
114:1,5,7,9,10,11,13,15,17,21,22,23,25,26,27,28,31,32,33,34,36,37,38,39,41,42,45,47,48,49,52,53,57,59,60,61,64,65,69,71,72,76,79,85,86,91
115:0,2,3,5,6,7,9,10,13,16,17,22,24,25,26,27,28,29,30,31,32,33,34,35,36,37,38,41,42,43,44,47,48,50,51,52,53,55,57,59,61,66,69,70,75,76
116:1,4,5,8,11,12,14,15,18,19,20,21,22,23,25,26,27,28,29,30,31,32,33,34,38,39,40,42,44,45,46,49,52,53,56,58,60,61,64,65,67,68,72,74,78,79,80,91
117:1,3,4,7,8,11,14,17,18,21,22,23,24,25,26,28,29,30,31,32,33,34,36,39,40,41,42,45,48,49,52,55,58,59,61,62,64,65,68,69,71,72,77,78,79,88
118:3,7,9,10,13,17,21,22,23,24,25,26,27,28,29,31,32,34,35,36,37,38,39,41,42,43,44,45,47,48,49,50,51,52,55,57,59,61,62,69,76,82,86
119:0,2,9,15,19,20,21,24,26,27,28,29,30,31,32,33,34,35,36,37,38,39,40,41,43,44,46,47,48,49,50,51,56,57,60,61,62,63,70,73,89
120:3,4,8,12,14,18,19,20,21,22,23,24,25,26,28,30,33,35,37,39,40,42,43,45,46,49,51,52,55,56,58,61,62,64,67,68,71,74,77,80,81,83,85,87,88
121:0,2,3,7,9,10,13,17,22,24,25,26,27,28,29,30,31,32,33,35,36,37,38,39,41,42,43,47,48,50,51,55,57,59,61,62,63,66,69,70,71,76,81
122:0,1,2,3,4,8,14,18,19,20,21,22,24,25,26,27,28,29,30,31,33,34,35,36,37,39,40,41,42,46,48,49,51,52,55,56,58,61,62,64,68,70,71,72,77,83
123:3,6,7,9,16,17,22,23,24,25,26,27,28,30,31,33,34,35,36,37,38,40,41,42,43,45,47,48,50,52,55,57,59,61,62,65,66,69,71,75,83,85
124:0,2,3,5,7,9,17,22,24,25,26,27,28,29,30,31,32,34,35,36,37,38,39,40,41,42,43,44,47,48,51,52,53,55,57,59,61,64,66,69,70,82
125:1,12,14,15,19,20,21,22,23,24,25,26,27,28,29,30,31,33,35,36,38,39,40,41,42,45,46,47,49,52,56,58,60,61,62,64,65,67,71,72,78,81,83
126:3,6,7,9,10,13,16,17,22,23,24,25,26,27,29,30,31,33,34,35,37,38,41,42,43,45,47,48,50,51,52,55,57,59,61,62,66,69,71,75,76,80,83,84
127:1,4,5,7,8,14,15,17,18,21,22,23,24,25,26,27,28,29,30,31,32,33,34,35,37,38,39,40,41,42,45,48,49,52,53,58,59,60,61,64,65,68,69,71,72,80
128:1,3,4,5,7,8,11,14,17,18,21,22,23,24,25,26,27,28,30,31,32,33,34,36,39,40,41,42,45,48,49,52,53,55,58,59,61,64,65,68,69,71,72,77,78,79,85
129:4,5,8,12,14,15,18,19,20,21,22,23,24,25,26,28,29,30,31,32,33,34,35,36,37,39,40,42,43,44,45,46,49,51,52,53,56,58,60,61,64,67,68,74,77,88
130:1,3,4,8,11,14,17,18,20,21,22,23,25,26,27,28,29,30,31,33,34,37,39,40,41,42,45,46,48,49,51,52,55,58,59,61,62,64,68,71,72,77,79,80,83,91
131:0,2,3,5,6,9,12,16,19,20,24,26,27,28,29,30,31,32,33,34,35,36,37,38,40,41,43,44,46,47,50,51,53,55,56,57,61,63,66,67,70,73,75,89
132:1,3,4,5,7,8,11,14,17,18,21,22,23,25,26,28,30,31,33,34,36,39,40,41,42,45,48,49,52,53,55,58,59,61,64,65,68,69,71,72,77,78,79,83,85,88,91
133:3,4,8,14,17,18,20,21,22,23,24,25,26,27,28,29,30,31,32,33,34,35,36,37,39,40,41,42,43,44,45,46,48,49,50,51,55,58,59,61,62,63,68,77
134:6,7,9,10,13,15,16,17,22,23,24,25,26,27,29,31,32,33,35,36,37,38,41,42,43,45,47,48,50,57,59,60,61,62,63,65,66,69,71,75,76,81,84,86
135:1,5,6,7,9,10,13,15,16,17,22,23,24,25,27,29,30,31,33,34,35,37,38,41,42,45,47,48,51,52,53,57,59,60,61,64,66,69,71,72,75,76,80,83,84,90
136:3,5,6,9,16,17,20,22,23,24,25,26,27,30,31,32,33,34,35,37,38,40,41,42,43,45,46,47,48,51,52,53,55,57,59,61,64,66,71,75,80,84,85
